101
-1.0 2.0
-0.98 1.95664653574
-0.96 1.91148470477
-0.94 1.8701250176
-0.92 1.83627032514
-0.9 1.81215223753
-0.88 1.79888891975
-0.86 1.79677572377
-0.84 1.80551882647
-0.82 1.8244208431
-0.8 1.85252627952
-0.78 1.88873367255
-0.76 1.93188034524
-0.74 1.98080487032
-0.72 2.0343915867
-0.7 2.0916008471
-0.68 2.15148808423
-0.66 2.21321426458
-0.64 2.27604984616
-0.62 2.33937396503
-0.6 2.40267023948
-0.58 2.46552029493
-0.56 2.52759587151
-0.54 2.58865017561
-0.52 2.64850897067
-0.5 2.70706176758
-0.48 2.76425336654
-0.46 2.82007591642
-0.44 2.87456159093
-0.42 2.92777593052
-0.4 2.9798118614
-0.38 3.03078437632
-0.36 3.08082584382
-0.34 3.13008190071
-0.32 3.17870787653
-0.3 3.22686569549
-0.28 3.27472120159
-0.26 3.32244185403
-0.24 3.37019474265
-0.22 3.41814487651
-0.2 3.46645370195
-0.18 3.51527780998
-0.16 3.56476779576
-0.14 3.61506723618
-0.12 3.66631175366
-0.1 3.71862813719
-0.08 3.77213349341
-0.06 3.82693440293
-0.04 3.8831260592
-0.02 3.94079136947
0.0 4.0
0.02 4.06080735027
0.04 4.12325344447
0.06 4.18736173179
0.08 4.25313779148
0.1 4.32056794321
0.12 4.38961776894
0.14 4.46023055833
0.16 4.53232569755
0.18 4.60579702902
0.2 4.68051121976
0.22 4.75630618732
0.24 4.83298964558
0.26 4.91033784883
0.28 4.98809463159
0.3 5.06597086432
0.32 5.14364447261
0.34 5.22076119974
0.36 5.29693633177
0.38 5.37175764986
0.4 5.44478992931
0.42 5.51558136842
0.44 5.58367240438
0.46 5.64860745928
0.48 5.70995025748
0.5 5.7673034668
0.52 5.82033354122
0.54 5.86880178177
0.56 5.91260278495
0.58 5.95181161373
0.6 5.98674120304
0.62 6.01801169806
0.64 6.04663361507
0.66 6.07410690793
0.68 6.10253821131
0.7 6.13477870719
0.72 6.17458521483
0.74 6.22680722346
0.76 6.29760265788
0.78 6.394685172
0.8 6.52760568352
0.82 6.70807067029
0.84 6.95029941661
0.86 7.27142189217
0.88 7.6919182299
0.9 8.23609979652
0.92 8.93263057067
0.94 9.81508590072
0.96 10.9225436415
0.98 12.300200093
1.0 14.0
