31
-1.0 16.0
-0.933333333333 11.7648257514
-0.866666666667 9.16941992763
-0.8 7.58519026208
-0.733333333333 6.60807141848
-0.666666666667 5.99086536696
-0.6 5.58665879152
-0.533333333333 5.30871960477
-0.466666666667 5.10490117887
-0.4 4.94252661283
-0.333333333333 4.79999988849
-0.266666666667 4.66239154731
-0.2 4.5192307692
-0.133333333333 4.36345314075
-0.0666666666667 4.19089759798
0.0 4.0
0.0666666666667 3.79148230088
0.133333333333 3.56794246083
0.2 3.33333333331
0.266666666667 3.0923782465
0.333333333333 2.84999993379
0.4 2.61083631708
0.466666666667 2.37888643773
0.533333333333 2.15727177527
0.6 1.9479797102
0.666666666667 1.75117603034
0.733333333333 1.56302165348
0.8 1.36954824176
0.866666666667 1.13151423947
0.933333333333 0.750596868404
1.0 0.0
